0.03125 0.03125
0.03125 0.09375
0.03148972173437456 0.156643767313705
0.03125 0.21875
0.03125 0.28125
0.03125 0.34375
0.03125 0.40625
0.03125 0.46875
0.03125 0.53125
0.03141417930260316 0.5941890428591682
0.03125 0.65625
0.03125 0.71875
0.03125 0.78125
0.0317479109301137 0.8436407374811501
0.031156695152416536 0.9056766176030412
0.03128351258683108 0.968619115853592
0.09375 0.03125
0.09375 0.09375
0.09375 0.15625
0.09375 0.21875
0.09375 0.28125
0.09375 0.34375
0.09375 0.40625
0.09375 0.46875
0.09375 0.53125
0.09407536543440773 0.5934086505757927
0.09367362117662088 0.6567102734791593
0.09375 0.71875
0.09375 0.78125
0.09375 0.84375
0.09375 0.90625
0.09337466307929009 0.9685113324097225
0.15625 0.03125
0.15625 0.09375
0.15625 0.15625
0.15625 0.21875
0.15585016176876565 0.2816418966471859
0.15625 0.34375
0.15625 0.40625
0.15625 0.46875
0.15625 0.53125
0.15625 0.59375
0.15625 0.65625
0.1565347444488864 0.7187286396656549
0.15625 0.78125
0.15625 0.84375
0.15633683529595796 0.9062400725440224
0.15625 0.96875
0.2186887057391202 0.031854514610790564
0.21828054514330653 0.0939499946791619
0.21875 0.15625
0.21875 0.21875
0.21875 0.28125
0.21875 0.34375
0.21875 0.40625
0.21875 0.46875
0.21875 0.53125
0.21875 0.59375
0.21875 0.65625
0.21875 0.71875
0.21875 0.78125
0.21875 0.84375
0.21875 0.90625
0.21875 0.96875
0.28125 0.03125
0.2813607124770833 0.09384352955647111
0.28125 0.15625
0.2808055664554758 0.21935255177706534
0.28125 0.28125
0.28125 0.34375
0.28125 0.40625
0.28125 0.46875
0.28125 0.53125
0.28125 0.59375
0.28125 0.65625
0.2808467620548016 0.718515970875554
0.28125 0.78125
0.28125 0.84375
0.28125 0.90625
0.28125 0.96875
0.34375 0.03125
0.34375 0.09375
0.34373945963245056 0.15618553690362652
0.34336570430432706 0.21853965253602786
0.34375 0.28125
0.34375 0.34375
0.34375 0.40625
0.34432271760383215 0.4692445531712235
0.34375 0.53125
0.34375 0.59375
0.34424107421879074 0.6561109924269865
0.34375 0.71875
0.34375 0.78125
0.34375 0.84375
0.34375 0.90625
0.34375 0.96875
0.40625 0.03125
0.40625 0.09375
0.40625 0.15625
0.40625 0.21875
0.40619461834070436 0.28068472420902746
0.40625 0.34375
0.40625 0.40625
0.40625 0.46875
0.40625 0.53125
0.40625 0.59375
0.40625 0.65625
0.40625 0.71875
0.40625 0.78125
0.4062395869276074 0.8442530690091059
0.40625 0.90625
0.40625 0.96875
0.46875 0.03125
0.46875 0.09375
0.46875 0.15625
0.46875 0.21875
0.46875 0.28125
0.46875 0.34375
0.46875 0.40625
0.46875 0.46875
0.46875 0.53125
0.468642020896646 0.5942615957523413
0.46875 0.65625
0.46875 0.71875
0.46875 0.78125
0.46875 0.84375
0.46875 0.90625
0.46875 0.96875
0.53125 0.03125
0.53125 0.09375
0.53125 0.15625
0.53125 0.21875
0.5309144219811155 0.281408531096218
0.53125 0.34375
0.53125 0.40625
0.53125 0.46875
0.5317888436641115 0.5316842882763737
0.53125 0.59375
0.53125 0.65625
0.53125 0.71875
0.5313817623566335 0.7810635372546841
0.53125 0.84375
0.53125 0.90625
0.53125 0.96875
0.594080915146337 0.0315344576021874
0.59375 0.09375
0.59375 0.15625
0.59375 0.21875
0.59375 0.28125
0.5942767098728741 0.3439450035620292
0.59375 0.40625
0.59375 0.46875
0.5942760062552431 0.5316953126057208
0.59375 0.59375
0.5933234809292929 0.6568144860086313
0.59375 0.71875
0.59375 0.78125
0.5933586668815062 0.8436475784059005
0.59375 0.90625
0.59375 0.96875
0.65625 0.03125
0.65625 0.09375
0.65625 0.15625
0.65625 0.21875
0.65625 0.28125
0.65625 0.34375
0.65625 0.40625
0.65625 0.46875
0.65625 0.53125
0.65625 0.59375
0.65625 0.65625
0.6564347676232439 0.7193071461603066
0.65625 0.78125
0.65625 0.84375
0.65625 0.90625
0.65625 0.96875
0.71875 0.03125
0.71875 0.09375
0.7182395746945155 0.15627953634291544
0.71875 0.21875
0.71875 0.28125
0.71875 0.34375
0.71875 0.40625
0.71875 0.46875
0.71875 0.53125
0.71875 0.59375
0.71875 0.65625
0.71875 0.71875
0.71875 0.78125
0.7181654718513005 0.8440391471487998
0.71875 0.90625
0.719034308530768 0.9683799206767358
0.78125 0.03125
0.78125 0.09375
0.78125 0.15625
0.78125 0.21875
0.78125 0.28125
0.78125 0.34375
0.78125 0.40625
0.78125 0.46875
0.78125 0.53125
0.78125 0.59375
0.78125 0.65625
0.78125 0.71875
0.78125 0.78125
0.78125 0.84375
0.78125 0.90625
0.78125 0.96875
0.84375 0.03125
0.84375 0.09375
0.84375 0.15625
0.84375 0.21875
0.84375 0.28125
0.84375 0.34375
0.84375 0.40625
0.84375 0.46875
0.84375 0.53125
0.84375 0.59375
0.84375 0.65625
0.84375 0.71875
0.84375 0.78125
0.84375 0.84375
0.84375 0.90625
0.84375 0.96875
0.9064596073366044 0.031156191656247147
0.9065828997699196 0.09378474292774937
0.90625 0.15625
0.9062589581899114 0.2184844422350853
0.906902651965415 0.2817605660532607
0.90625 0.34375
0.90625 0.40625
0.90625 0.46875
0.9067628831522713 0.5312608194028178
0.90625 0.59375
0.90625 0.65625
0.9068571732000977 0.7184091203697776
0.90625 0.78125
0.90625 0.84375
0.90625 0.90625
0.9062810977000589 0.9690929720529776
0.96875 0.03125
0.96875 0.09375
0.96875 0.15625
0.9692946204210301 0.21859902361912104
0.9688909239930447 0.28067379970636236
0.96875 0.34375
0.968782016280051 0.40589971396383523
0.96875 0.46875
0.96875 0.53125
0.96875 0.59375
0.96875 0.65625
0.9687895667023997 0.7192910353282405
0.96875 0.78125
0.96875 0.84375
0.96875 0.90625
0.96875 0.96875
