0.0235420415666561 0.013100668523493689
0.03454632138382996 0.09439730591049039
0.006695378198967878 0.14182877669712993
0.033951196055742205 0.19128202534332117
0.027073758175035562 0.3081713137211034
0.03215085768268525 0.3602249863392612
0.0011917179709468595 0.4196939448697409
0.021158557167330637 0.48287918935217883
0.02252732393802069 0.5535254336695605
0.04580381096595614 0.6106758880540881
0.006848304939064943 0.6496718440650457
0.03888419600831472 0.6874963549966167
0.9973578983079958 0.8122563389353682
0.04783149684444432 0.8306975288608599
0.01104799465417591 0.9458210414311298
0.056903746110647226 0.9725733043369412
0.09330730880946553 0.03024499240307806
0.08163170703357336 0.10394842293261335
0.10130997842388824 0.18272777625118883
0.10120179728306307 0.23035935633185298
0.09660312686407801 0.2818182026323449
0.07715810204067343 0.33457896748871724
0.11074916929051963 0.4143151376803484
0.06848767233717172 0.4852401446417757
0.10299982945161854 0.5231820101999051
0.11552342612393034 0.5697860742204345
0.08763960165252185 0.6496569413596821
0.09994208436661241 0.6993819124062972
0.09142796062214832 0.8073105097251558
0.07797428529518913 0.8727106108781195
0.08723650804516014 0.917741286366195
0.10644146311926059 0.9699227677456492
0.14343102814640984 0.043816994598590134
0.17281914951027452 0.09092103132210765
0.1596641299368059 0.14162284000167694
0.17504011516420456 0.22003082314702768
0.14999082579331283 0.2929491314497215
0.15274664558405826 0.37543673134256694
0.1557389171772268 0.42770278753718943
0.14141318167461503 0.47189402206913034
0.1525764082715452 0.54031384157919
0.16202396191923563 0.6077146029459815
0.14557406269777162 0.6663597608431517
0.15326692757141472 0.7121551578852849
0.13587224199412679 0.7631855524900276
0.13893515108270693 0.8261214281173304
0.1478857649794886 0.906983994379837
0.18888373008535492 0.9925567307093718
0.19873403306874998 0.03719696164625738
0.23320907935210874 0.09212470640522312
0.21245570996937588 0.16628156472087816
0.2217730185417817 0.22202645258285086
0.1985316343161881 0.28852339912674296
0.19600723683436352 0.3454132280417072
0.23253340758932903 0.4024660808940525
0.23494531399650725 0.46451156707862984
0.22062728176953111 0.5207809694993129
0.2068959865634971 0.5706530973600971
0.22915522143087214 0.6835776322530761
0.20338361142039912 0.7287103410028467
0.19386571563056704 0.8003106275665332
0.18892924021544258 0.8549696392342137
0.2273003354663228 0.9222291641561554
0.23485685849370638 0.9705009173749044
0.27174043898082423 0.015451929167739374
0.28939216772288356 0.10558106504917421
0.28723215636220784 0.156150325332831
0.29399008824458317 0.21181103605179938
0.2846416607154177 0.2840839876759924
0.2919763250945601 0.349358703244571
0.30311501636071425 0.41048769040467076
0.28644123533750904 0.47708537260824807
0.31655498168478974 0.5249792463872465
0.27826167754695325 0.6095840530789679
0.30123975611320575 0.6533387235716291
0.2662870227040939 0.719983514024337
0.2867647958161721 0.762024822142623
0.2725780843796766 0.8346453679666354
0.28526900245451897 0.8971499680522548
0.28828685029189477 0.9720697246452005
0.3596735894541545 0.01686667602491353
0.3497661847943204 0.07452245202086168
0.33109190187365534 0.1714777889249868
0.35111047525008054 0.21289730714952962
0.3721860584104876 0.27915175406973075
0.3507240707319946 0.33076013929250636
0.34561642065207304 0.43026688672364094
0.367102188320104 0.4734176685518051
0.36802813736368184 0.5397123319215371
0.3370448006250514 0.6079696320000665
0.3708860116395936 0.646557717507149
0.3546140935388788 0.696212434582701
0.3410915923203865 0.7989302121207388
0.31926771798424836 0.8517818186489163
0.35417465115516816 0.8951211642863399
0.35061524026356106 0.9540504114442495
0.4118093722554901 0.017628853817022533
0.3960976309608946 0.08594261093895063
0.3816643118047785 0.1547492034686196
0.3964691383319186 0.199591098877611
0.41827539928899055 0.26577870793978176
0.3990247008936042 0.34939372303435245
0.40017660868895283 0.41541773678843197
0.4146039035338913 0.46581352849417573
0.42705672107847936 0.5203299409665945
0.3879924582383054 0.585328624119215
0.41928191643153645 0.6364550773303311
0.4157669155010271 0.7461768103573929
0.3930024749343383 0.7906345533833541
0.41302211680217954 0.854137566863109
0.40510636356338564 0.9125318898891106
0.39607462191788423 0.9655944054923051
0.48115556864975 0.009313998674697274
0.48695757344369467 0.09357049526580077
0.48176873394827824 0.1517757033476142
0.45979390189695785 0.2286116618268213
0.5022031078031043 0.2985905818304277
0.45651610909027374 0.32284227528000486
0.44256630633136657 0.39367021427260523
0.47203098534026255 0.4518820699166922
0.47447724709835476 0.5417527073587388
0.4649482309718384 0.5931870045671246
0.47021493561103606 0.6476231161073316
0.46531944319276275 0.6946302623563831
0.4634791536714325 0.7967091067289387
0.48768718504930564 0.8559661663859799
0.45537891983930945 0.8952157627743861
0.48501827616426063 0.9585031561888924
0.5163743008313398 0.044664034661180525
0.5443377692256921 0.10333057848018197
0.5335948495445999 0.1689089928520897
0.5449376761648892 0.22765969033484218
0.5467429725227394 0.27724077258953345
0.5254941066491953 0.35356822267959775
0.5022570740115586 0.4118126382232701
0.5212445476612397 0.46093840098450845
0.5312696885862817 0.523324055756456
0.5174742814247795 0.5964465048286004
0.5354486087992426 0.6749845705163047
0.5436300075045968 0.7293945998085551
0.5425790166693322 0.7866179236831977
0.5550728694635848 0.8400546202057148
0.5311204253482424 0.8895605139883488
0.5344259245515641 0.9388372674260091
0.5631951627938891 0.027163654837093272
0.6135164072384522 0.06983297425329757
0.5834065186016959 0.14990104634809587
0.5927654388551181 0.20541832985597971
0.5872018578810811 0.25253132461034833
0.5863964950732847 0.3005858475278014
0.5882973741946044 0.3854841167521252
0.5810142777539574 0.47101896916517266
0.5827408963023956 0.5363325881847522
0.5764458085325924 0.6144196043372085
0.6064690665216448 0.6540148422133287
0.5942713879384764 0.7090978754585813
0.5852037979175934 0.7614987207518534
0.5976154742248561 0.8125053740579026
0.5927589526100671 0.8957728840952962
0.6021270927980206 0.9726291755504689
0.6506998604653831 0.04204722905588822
0.6578603774832416 0.09169722223009424
0.6724914928405676 0.14014711387510895
0.6716881723010355 0.25557885251217227
0.631218746781983 0.30961221926034793
0.6262881088970631 0.35881994688898267
0.644295502300183 0.43334068918470187
0.6715096302470035 0.48705397410699
0.6780995949224605 0.5342254363714213
0.6409342352592209 0.5692637655401648
0.6711527413357208 0.6695761498317304
0.6419796847702615 0.7150075275215985
0.6337792655965331 0.7630561514924963
0.6547487489187771 0.8070334371430242
0.6497276773497893 0.8658346187539422
0.6644146918548132 0.9569571265930955
0.7240304375070956 0.0477930174694931
0.7397271814337131 0.12015868748021284
0.7140529987598218 0.17458872848447807
0.7267111474280705 0.22021206741432334
0.715052655077835 0.27497506132129707
0.7192749664885224 0.3433634212661179
0.6919231148651703 0.4187001104641726
0.739103455450572 0.4576210352958947
0.7400431987072638 0.5432449929827043
0.7261449613029349 0.5942249052325527
0.7140312273048922 0.6396620029575216
0.7232973070876328 0.7003993647863177
0.7420007130090773 0.7806322176356362
0.7479243736918367 0.8683372341470702
0.7333123097790926 0.9198380567399123
0.7077319677964584 0.9923185082135515
0.7794890625751129 0.01591553171390071
0.7841971127039001 0.06208776916986009
0.7744614728107629 0.16110078278027373
0.7944381100697739 0.2033846456142466
0.7612810542687094 0.30304573363003173
0.8118052691650717 0.3626922917751636
0.7568506565765627 0.4124833046585473
0.7868560111065915 0.47434559449031943
0.7882163572688494 0.540466984412902
0.7740730036973971 0.6097663581864665
0.764578737653909 0.6755275260545424
0.7668824289694299 0.7275854887599186
0.7965501637664989 0.7685757023925082
0.7757799811976934 0.8199170174913071
0.8136371126768449 0.943435014045034
0.7664555243453279 0.9617538773022956
0.8270907825976959 0.014587120152818784
0.8369342475724438 0.07314099167742617
0.8245374021306524 0.15470842429749013
0.838184411292293 0.23425611009357908
0.8486226728445713 0.2841417855202306
0.8696936672948337 0.38086259182455634
0.8063838579982741 0.41431490434733065
0.8310517873148724 0.5069516875489263
0.8655285430635866 0.5463208999019222
0.844990159590042 0.588467957248442
0.8200472470495066 0.6333852003438509
0.8450972268820854 0.7507032374570298
0.8394509250037281 0.7988780529880194
0.8524168151908805 0.8474734026778077
0.8546139405897452 0.9147707904839419
0.8530704399483824 0.970651632404703
0.9036031615577352 0.04538646362798174
0.8985334527526525 0.11386139139173482
0.9237607266564607 0.1788555308394874
0.8961108376083715 0.22100431346438373
0.9037697305846678 0.2678733704201133
0.9141450126900375 0.3203455111390241
0.8924104365385179 0.42219111934267084
0.8926010283291624 0.4747053568240492
0.9278106330293103 0.5499598399266897
0.9102200752866508 0.6291861147680324
0.8621820425549007 0.6534933273481925
0.8826238341206465 0.7193645809569236
0.8917986428278505 0.7714821762567134
0.9063009863309852 0.849182816773538
0.9202359288167632 0.9273419361081302
0.9050941441759308 0.9782137135809857
0.9386388427197525 0.011490970901648832
0.9872005435702108 0.059998490154474136
0.9741175676288857 0.1802560966078715
0.9512765783615065 0.22383244781020847
0.9512521790739806 0.28878891292089903
0.9683980489419937 0.33832469372530183
0.9475573915414449 0.40726575961144507
0.9725022406671995 0.4811665515486704
0.9748412506198063 0.5766071236921194
0.9580458572690379 0.6204092582001328
0.9563632839169717 0.6693810509365644
0.9574349121520458 0.7169391067443587
0.9425938813117092 0.7845212648165055
0.9971513435922351 0.8645046850895659
0.9659315297188807 0.9221401098426807
0.967630723320389 0.973583544633155
