0.323432930893581 0.8945651900644114
0.13536066774095198 0.920669821957213
0.16226538422806444 0.4254376650048198
0.15681372973783175 0.529227778141771
0.9879012833794497 0.6179175982476971
0.9783135993967202 0.7989065591558396
0.7440546390958317 0.84676768762804
0.8110019306759776 0.024796652389704417
0.17526766954572784 0.1437903157173589
0.0956873237248271 0.20074711063467943
0.24617672562367793 0.46514134528977
0.2180614011467721 0.6167431240010425
0.49862963550049777 0.6313533261464892
0.14942088047679508 0.8203319913734699
0.07020787403205996 0.757020701439884
0.4294638932593736 0.8867911258527372
0.28895413532717246 0.26336687360146954
0.45302214365803184 0.15653153840996445
0.17721786925931343 0.03656492066188881
0.4504671068811594 0.38521814370939494
0.30952471203881804 0.6058303821234969
0.6809794414713479 0.6395099871750564
0.4499964977902509 0.7326538056326196
0.3271717471752976 0.0324977941294607
0.7092987667031846 0.1893434036956983
0.35022966549117035 0.40271714135508363
0.3775478077397733 0.23822539482716895
0.5232877173131153 0.44242687936280917
0.5958300326619824 0.708366305564869
0.2241924151273246 0.7193524454649161
0.12936561095532703 0.6659391175458291
0.6265855465457951 0.9830300837268243
0.684659905472276 0.7358223028023179
0.596451296684769 0.08574538271442951
0.46186227274201297 0.2804548628786962
0.5629979537832249 0.2959223979523732
0.3202765340020879 0.7236410031236338
0.4358150027956218 0.5108769909499716
0.5521991726963486 0.7951875269338201
0.5351296556637328 0.9391213325630304
0.6786827362815239 0.298625809355828
0.9834755386916829 0.19601071921281463
0.48722163175306094 0.03395831786935772
0.6544070727877326 0.4225393606167588
0.7795911931312951 0.3543628932074665
0.7957486310986501 0.5724253678050816
0.6412413996610777 0.5483529929221524
0.2665680879060224 0.8199111621224497
0.7339881031093171 0.9650069478637928
0.8763684580691748 0.11644317248641782
0.9614576316821087 0.9502372746639486
0.8774619695237091 0.4692937915198156
0.9984097733556059 0.31663058643930914
0.9278509890893021 0.5488845400769613
0.05360156327653498 0.5256391946722935
0.6417887107453019 0.8388634962002341
0.05291015321784706 0.06672441210093667
0.8851346244900171 0.22764692027500927
0.149519388088986 0.32925910754973375
0.8595647537015391 0.8294563280627497
0.05345333298107713 0.4081290163063665
0.8916337066938214 0.7057462426146656
0.05221184035994603 0.9698841184726114
0.9325080808686742 0.04010723233099461
