0.9623989880017365 0.052944744448092204
0.1594278663512599 0.19232906179251533
0.06552346495629349 0.3109803024299667
0.12477458116630465 0.42312899308911345
0.024973606426757018 0.4928499488632067
0.08062652815020169 0.7314259228901072
0.021141553623949857 0.8364540915502315
0.06367142736313117 0.9524740082761708
0.1155546234733417 0.07312872790451098
0.29578915147942436 0.21493273932478255
0.21072814947629762 0.3031796982697277
0.24994991701238534 0.43440160242904485
0.1270201105549702 0.5612179076984005
0.19745926293996058 0.6657391801610945
0.14309694243648807 0.8496404670966823
0.1910345089843511 0.9737618315162593
0.24330352619005255 0.10100221764086476
0.3943367067773913 0.13384067584467238
0.3479467383542807 0.32909433326885695
0.37731439835175107 0.4618148593611231
0.2713164587589985 0.5571023299747411
0.34562134066828853 0.667056756192855
0.26304501693005133 0.7740765176960069
0.2847177651697854 0.8991711432707764
0.36072874951392964 0.018599157226108887
0.5264628147764336 0.1537986348045617
0.4432816084574843 0.2514952874054777
0.4754415962761916 0.3681893305400359
0.43519018732113823 0.5852322510959932
0.48145972270611803 0.7053854191426453
0.386804073840582 0.7916923876313172
0.42758980861549745 0.9069950051646646
0.48547058071042687 0.038824353248725796
0.6475194598640969 0.18952289089468424
0.5615162495204856 0.27633125011655213
0.5979327279797443 0.3927233217982746
0.533509090598266 0.4977393871006537
0.5716483375386577 0.6227032982918133
0.5172324344534119 0.8256136690524053
0.5785205661919243 0.9334258674446796
0.604213982429647 0.053838391375092234
0.766451624565417 0.21636501264712
0.692612008713507 0.3107125084896536
0.7545612157484425 0.42282383582162636
0.6526939960545293 0.5164362226738589
0.60874756376736 0.7445309447896565
0.6704272697530734 0.8565282808973076
0.7017537150510574 0.9738335134185978
0.7338163672160798 0.09716497204599064
0.870811018130448 0.14844122231481374
0.8437039684132669 0.3313889116363086
0.9080097241897301 0.5242960203123469
0.7882156750052703 0.5452383579447522
0.7137395905048267 0.6568191717513111
0.7569168946932842 0.7693467580373862
0.7960048410756951 0.898222968117681
0.8391090478298286 0.019548939045347317
0.038793546744640764 0.1793332433980605
0.9431826855839087 0.25903625866269486
0.9510656786945979 0.3974304269440589
0.8513110242505451 0.6537898549070138
0.9922411859189002 0.6460467053631391
0.9031490801623328 0.78396203725652
0.928231338130735 0.929466490163688
